9 0.2 50000 0 A
9 0.5 50000 0 A
9 1 50000 0 A
9 1.5 50000 0 A
9 2 50000 0 A
9 2.5 50000 0 A
10 0.2 10000 0 A
10 0.5 10000 0 A
10 1 10000 0 A
10 1.5 10000 0 A
10 2 10000 0 A
10 2.5 10000 0 A
11 0.2 5000 0 A
11 0.5 5000 0 A
11 1 5000 0 A
11 1.5 5000 0 A
11 2 5000 0 A
11 2.5 5000 0 A
12 0.2 1000 0 A
12 0.5 1000 0 A
12 1 1000 0 A
12 1.5 1000 0 A
12 2 1000 0 A
12 2.5 1000 0 A
13 0.2 250 0 A
13 0.5 250 0 A
13 1 250 0 A
13 1.5 250 0 A
13 2 250 0 A
13 2.5 250 0 A
9 0.2 50000 0.5 C
9 0.5 50000 0.5 C
9 1 50000 0.5 C
9 1.5 50000 0.5 C
9 2 50000 0.5 C
9 2.5 50000 0.5 C
10 0.2 10000 0.5 C
10 0.5 10000 0.5 C
10 1 10000 0.5 C
10 1.5 10000 0.5 C
10 2 10000 0.5 C
10 2.5 10000 0.5 C
11 0.2 5000 0.5 C
11 0.5 5000 0.5 C
11 1 5000 0.5 C
11 1.5 5000 0.5 C
11 2 5000 0.5 C
11 2.5 5000 0.5 C
12 0.2 1000 0.5 C
12 0.5 1000 0.5 C
12 1 1000 0.5 C
12 1.5 1000 0.5 C
12 2 1000 0.5 C
12 2.5 1000 0.5 C
13 0.2 250 0.5 C
13 0.5 250 0.5 C
13 1 250 0.5 C
13 1.5 250 0.5 C
13 2 250 0.5 C
13 2.5 250 0.5 C
